2.307258000000000000e+06
8.082010000000000000e+05
1.019233000000000000e+06
2.025967000000000000e+06
1.169955000000000000e+06
4.976194000000000000e+06
3.479661000000000000e+06
4.482652000000000000e+06
1.622321000000000000e+06
7.391163000000000000e+06
5.128685000000000000e+06
1.540319000000000000e+06
6.347956000000000000e+06
6.175486000000000000e+06
8.787820000000000000e+05
2.872015000000000000e+06
1.376973000000000000e+06
2.376678000000000000e+06
4.331459000000000000e+06
4.395063000000000000e+06
5.025107000000000000e+06
8.251583000000000000e+06
8.038620000000000000e+06
7.565559000000000000e+06
